148
261
754
371
539
toto
786
989
504
839
789
407
624
242
343
948
226
314
titi
880
416
353
264
125
371
1
615
309
344
430
540
164
416
413
119
128
671
989
260
932
639
956
371
394
aaa
253
476
311
614
917
883
690
407
984
379
265
280
929
229
923
962
278
215
991
737
159
115
944
530
881
945
664
203
862
529
336
148
371
1634
734
886
620
697
349
370
115
906
176
839
526
236
360
407
506
816
354
592
670
804
252
802
865
476
329
974
786
364
828
955
371
571
941
645
212
391
921
379
618
960
263
266
276
959
750
704
428
322
412
912
614
478
711
139
387
407
309
120
869
813
833
507
190
371
958
218
423
713
395
962
517
591
651
833
102
785
440
8208
852
104
798
476
714
289
448
165
685
235
280
424
272
365
587
442
371
400
134
407
481
341
860
950
671
857
503
326
321
379
865
645
703
290
864
520
878
991
9474
625
582
794
382
599
258
587
386
936
302
910
371
680
858
116
548
645
284
345
628
182
170
928
241
755
407
748
656
330
403
583